(kicad_pcb (version 20171130) (host pcbnew 5.1.4)

  (general
    (thickness 1.6)
    (drawings 6)
    (tracks 586)
    (zones 0)
    (modules 43)
    (nets 166)
  )

  (page A4)
  (layers
    (0 F.Cu signal)
    (31 B.Cu signal)
    (32 B.Adhes user)
    (33 F.Adhes user)
    (34 B.Paste user)
    (35 F.Paste user)
    (36 B.SilkS user)
    (37 F.SilkS user)
    (38 B.Mask user)
    (39 F.Mask user)
    (40 Dwgs.User user)
    (41 Cmts.User user)
    (42 Eco1.User user)
    (43 Eco2.User user)
    (44 Edge.Cuts user)
    (45 Margin user)
    (46 B.CrtYd user)
    (47 F.CrtYd user)
    (48 B.Fab user)
    (49 F.Fab user hide)
  )

  (setup
    (last_trace_width 0.2)
    (user_trace_width 0.2)
    (trace_clearance 0.05)
    (zone_clearance 0.15)
    (zone_45_only no)
    (trace_min 0.2)
    (via_size 0.8)
    (via_drill 0.4)
    (via_min_size 0.4)
    (via_min_drill 0.3)
    (user_via 0.4 0.3)
    (uvia_size 0.3)
    (uvia_drill 0.1)
    (uvias_allowed no)
    (uvia_min_size 0.2)
    (uvia_min_drill 0.1)
    (edge_width 0.1)
    (segment_width 0.2)
    (pcb_text_width 0.3)
    (pcb_text_size 1.5 1.5)
    (mod_edge_width 0.15)
    (mod_text_size 1 1)
    (mod_text_width 0.15)
    (pad_size 0.85 0.85)
    (pad_drill 0.5)
    (pad_to_mask_clearance 0)
    (aux_axis_origin 0 0)
    (grid_origin 77.75 105.1)
    (visible_elements FFFFFF7F)
    (pcbplotparams
      (layerselection 0x010fc_ffffffff)
      (usegerberextensions false)
      (usegerberattributes false)
      (usegerberadvancedattributes false)
      (creategerberjobfile false)
      (excludeedgelayer true)
      (linewidth 0.100000)
      (plotframeref false)
      (viasonmask false)
      (mode 1)
      (useauxorigin false)
      (hpglpennumber 1)
      (hpglpenspeed 20)
      (hpglpendiameter 15.000000)
      (psnegative false)
      (psa4output false)
      (plotreference true)
      (plotvalue true)
      (plotinvisibletext false)
      (padsonsilk false)
      (subtractmaskfromsilk false)
      (outputformat 1)
      (mirror false)
      (drillshape 1)
      (scaleselection 1)
      (outputdirectory ""))
  )

  (net 0 "")
  (net 1 VCC)
  (net 2 GND)
  (net 3 +1V8)
  (net 4 "Net-(C3-Pad1)")
  (net 5 "Net-(C4-Pad1)")
  (net 6 VCAP2)
  (net 7 VCAP1)
  (net 8 "Net-(C8-Pad1)")
  (net 9 "Net-(C11-Pad1)")
  (net 10 SWDIO)
  (net 11 SWCLK)
  (net 12 "Net-(J2-Pad6)")
  (net 13 "Net-(J3-Pad1)")
  (net 14 SDMMC1_D1)
  (net 15 "Net-(J4-Pad9)")
  (net 16 SDMMC1_D0)
  (net 17 SDMMC1_CK)
  (net 18 SDMMC1_CMD)
  (net 19 SDMMC1_D3)
  (net 20 SDMMC1_D2)
  (net 21 "Net-(J4-Pad10)")
  (net 22 "Net-(J5-Pad1)")
  (net 23 "Net-(J5-Pad2)")
  (net 24 "Net-(J5-Pad3)")
  (net 25 "Net-(J5-Pad4)")
  (net 26 "Net-(J5-Pad5)")
  (net 27 "Net-(J5-Pad6)")
  (net 28 "Net-(J5-Pad7)")
  (net 29 I2C1_SCL)
  (net 30 I2C1_SDA)
  (net 31 USART3_TX)
  (net 32 USART3_RX)
  (net 33 USART2_TX)
  (net 34 USART2_RX)
  (net 35 USART1_TX)
  (net 36 USART1_RX)
  (net 37 BAT_SCALED)
  (net 38 "Net-(R3-Pad1)")
  (net 39 "Net-(R4-Pad2)")
  (net 40 "Net-(R5-Pad1)")
  (net 41 "Net-(U2-Pad1)")
  (net 42 "Net-(U2-Pad2)")
  (net 43 "Net-(U2-Pad3)")
  (net 44 "Net-(U2-Pad4)")
  (net 45 "Net-(U2-Pad5)")
  (net 46 "Net-(U2-Pad7)")
  (net 47 "Net-(U2-Pad8)")
  (net 48 "Net-(U2-Pad9)")
  (net 49 "Net-(U2-Pad10)")
  (net 50 "Net-(U2-Pad11)")
  (net 51 "Net-(U2-Pad12)")
  (net 52 "Net-(U2-Pad13)")
  (net 53 "Net-(U2-Pad14)")
  (net 54 "Net-(U2-Pad15)")
  (net 55 "Net-(U2-Pad18)")
  (net 56 "Net-(U2-Pad19)")
  (net 57 "Net-(U2-Pad20)")
  (net 58 "Net-(U2-Pad21)")
  (net 59 "Net-(U2-Pad22)")
  (net 60 "Net-(U2-Pad26)")
  (net 61 SPI2_MOSI)
  (net 62 SPI2_MISO)
  (net 63 "Net-(U2-Pad29)")
  (net 64 "Net-(U2-Pad34)")
  (net 65 "Net-(U2-Pad35)")
  (net 66 "Net-(U2-Pad40)")
  (net 67 SPI1_CLK)
  (net 68 SPI1_MISO)
  (net 69 SPI1_MOSI)
  (net 70 "Net-(U2-Pad44)")
  (net 71 "Net-(U2-Pad45)")
  (net 72 "Net-(U2-Pad46)")
  (net 73 "Net-(U2-Pad47)")
  (net 74 SPI3_MOSI)
  (net 75 "Net-(U2-Pad49)")
  (net 76 "Net-(U2-Pad50)")
  (net 77 "Net-(U2-Pad53)")
  (net 78 "Net-(U2-Pad55)")
  (net 79 "Net-(U2-Pad58)")
  (net 80 "Net-(U2-Pad59)")
  (net 81 "Net-(U2-Pad60)")
  (net 82 CS_IMU2)
  (net 83 CS_IMU1)
  (net 84 INT_IMU2)
  (net 85 INT_IMU1)
  (net 86 "Net-(U2-Pad67)")
  (net 87 "Net-(U2-Pad68)")
  (net 88 SPI2_CLK)
  (net 89 "Net-(U2-Pad73)")
  (net 90 "Net-(U2-Pad74)")
  (net 91 "Net-(U2-Pad96)")
  (net 92 "Net-(U2-Pad97)")
  (net 93 "Net-(U2-Pad100)")
  (net 94 "Net-(U2-Pad101)")
  (net 95 "Net-(U2-Pad102)")
  (net 96 "Net-(U2-Pad103)")
  (net 97 "Net-(U2-Pad104)")
  (net 98 "Net-(U2-Pad110)")
  (net 99 "Net-(U2-Pad114)")
  (net 100 "Net-(U2-Pad115)")
  (net 101 "Net-(U2-Pad117)")
  (net 102 "Net-(U2-Pad118)")
  (net 103 "Net-(U2-Pad119)")
  (net 104 "Net-(U2-Pad122)")
  (net 105 "Net-(U2-Pad123)")
  (net 106 SPI3_CLK)
  (net 107 SPI3_MISO)
  (net 108 "Net-(U2-Pad135)")
  (net 109 CS_BARO)
  (net 110 CS_LORA)
  (net 111 "Net-(U2-Pad141)")
  (net 112 "Net-(U2-Pad142)")
  (net 113 "Net-(U2-Pad143)")
  (net 114 "Net-(U3-Pad21)")
  (net 115 "Net-(U3-Pad19)")
  (net 116 "Net-(U3-Pad17)")
  (net 117 "Net-(U3-Pad16)")
  (net 118 "Net-(U3-Pad15)")
  (net 119 "Net-(U3-Pad14)")
  (net 120 "Net-(U3-Pad11)")
  (net 121 "Net-(U3-Pad7)")
  (net 122 "Net-(U3-Pad6)")
  (net 123 "Net-(U3-Pad5)")
  (net 124 "Net-(U3-Pad4)")
  (net 125 "Net-(U3-Pad3)")
  (net 126 "Net-(U3-Pad2)")
  (net 127 "Net-(U3-Pad1)")
  (net 128 "Net-(U4-Pad1)")
  (net 129 "Net-(U4-Pad2)")
  (net 130 "Net-(U4-Pad3)")
  (net 131 "Net-(U4-Pad4)")
  (net 132 "Net-(U4-Pad5)")
  (net 133 "Net-(U4-Pad6)")
  (net 134 "Net-(U4-Pad7)")
  (net 135 "Net-(U4-Pad11)")
  (net 136 "Net-(U4-Pad14)")
  (net 137 "Net-(U4-Pad15)")
  (net 138 "Net-(U4-Pad16)")
  (net 139 "Net-(U4-Pad17)")
  (net 140 "Net-(U4-Pad19)")
  (net 141 "Net-(U4-Pad21)")
  (net 142 "Net-(U5-Pad7)")
  (net 143 "Net-(U5-Pad11)")
  (net 144 "Net-(U5-Pad12)")
  (net 145 "Net-(U5-Pad14)")
  (net 146 "Net-(U5-Pad15)")
  (net 147 "Net-(U5-Pad16)")
  (net 148 "Net-(C16-Pad1)")
  (net 149 "Net-(J1-Pad2)")
  (net 150 "Net-(U2-Pad56)")
  (net 151 "Net-(U2-Pad57)")
  (net 152 "Net-(U2-Pad87)")
  (net 153 "Net-(U2-Pad88)")
  (net 154 "Net-(U2-Pad89)")
  (net 155 "Net-(U2-Pad90)")
  (net 156 "Net-(U2-Pad91)")
  (net 157 "Net-(U2-Pad92)")
  (net 158 "Net-(U2-Pad93)")
  (net 159 "Net-(J10-Pad1)")
  (net 160 "Net-(J10-Pad2)")
  (net 161 "Net-(J10-Pad3)")
  (net 162 "Net-(J10-Pad4)")
  (net 163 "Net-(J10-Pad5)")
  (net 164 "Net-(J10-Pad6)")
  (net 165 "Net-(J10-Pad7)")

  (net_class Default "This is the default net class."
    (clearance 0.05)
    (trace_width 0.25)
    (via_dia 0.8)
    (via_drill 0.4)
    (uvia_dia 0.3)
    (uvia_drill 0.1)
    (add_net +1V8)
    (add_net BAT_SCALED)
    (add_net CS_BARO)
    (add_net CS_IMU1)
    (add_net CS_IMU2)
    (add_net CS_LORA)
    (add_net GND)
    (add_net I2C1_SCL)
    (add_net I2C1_SDA)
    (add_net INT_IMU1)
    (add_net INT_IMU2)
    (add_net "Net-(C11-Pad1)")
    (add_net "Net-(C16-Pad1)")
    (add_net "Net-(C3-Pad1)")
    (add_net "Net-(C4-Pad1)")
    (add_net "Net-(C8-Pad1)")
    (add_net "Net-(J1-Pad2)")
    (add_net "Net-(J10-Pad1)")
    (add_net "Net-(J10-Pad2)")
    (add_net "Net-(J10-Pad3)")
    (add_net "Net-(J10-Pad4)")
    (add_net "Net-(J10-Pad5)")
    (add_net "Net-(J10-Pad6)")
    (add_net "Net-(J10-Pad7)")
    (add_net "Net-(J2-Pad6)")
    (add_net "Net-(J3-Pad1)")
    (add_net "Net-(J4-Pad10)")
    (add_net "Net-(J4-Pad9)")
    (add_net "Net-(J5-Pad1)")
    (add_net "Net-(J5-Pad2)")
    (add_net "Net-(J5-Pad3)")
    (add_net "Net-(J5-Pad4)")
    (add_net "Net-(J5-Pad5)")
    (add_net "Net-(J5-Pad6)")
    (add_net "Net-(J5-Pad7)")
    (add_net "Net-(R3-Pad1)")
    (add_net "Net-(R4-Pad2)")
    (add_net "Net-(R5-Pad1)")
    (add_net "Net-(U2-Pad1)")
    (add_net "Net-(U2-Pad10)")
    (add_net "Net-(U2-Pad100)")
    (add_net "Net-(U2-Pad101)")
    (add_net "Net-(U2-Pad102)")
    (add_net "Net-(U2-Pad103)")
    (add_net "Net-(U2-Pad104)")
    (add_net "Net-(U2-Pad11)")
    (add_net "Net-(U2-Pad110)")
    (add_net "Net-(U2-Pad114)")
    (add_net "Net-(U2-Pad115)")
    (add_net "Net-(U2-Pad117)")
    (add_net "Net-(U2-Pad118)")
    (add_net "Net-(U2-Pad119)")
    (add_net "Net-(U2-Pad12)")
    (add_net "Net-(U2-Pad122)")
    (add_net "Net-(U2-Pad123)")
    (add_net "Net-(U2-Pad13)")
    (add_net "Net-(U2-Pad135)")
    (add_net "Net-(U2-Pad14)")
    (add_net "Net-(U2-Pad141)")
    (add_net "Net-(U2-Pad142)")
    (add_net "Net-(U2-Pad143)")
    (add_net "Net-(U2-Pad15)")
    (add_net "Net-(U2-Pad18)")
    (add_net "Net-(U2-Pad19)")
    (add_net "Net-(U2-Pad2)")
    (add_net "Net-(U2-Pad20)")
    (add_net "Net-(U2-Pad21)")
    (add_net "Net-(U2-Pad22)")
    (add_net "Net-(U2-Pad26)")
    (add_net "Net-(U2-Pad29)")
    (add_net "Net-(U2-Pad3)")
    (add_net "Net-(U2-Pad34)")
    (add_net "Net-(U2-Pad35)")
    (add_net "Net-(U2-Pad4)")
    (add_net "Net-(U2-Pad40)")
    (add_net "Net-(U2-Pad44)")
    (add_net "Net-(U2-Pad45)")
    (add_net "Net-(U2-Pad46)")
    (add_net "Net-(U2-Pad47)")
    (add_net "Net-(U2-Pad49)")
    (add_net "Net-(U2-Pad5)")
    (add_net "Net-(U2-Pad50)")
    (add_net "Net-(U2-Pad53)")
    (add_net "Net-(U2-Pad55)")
    (add_net "Net-(U2-Pad56)")
    (add_net "Net-(U2-Pad57)")
    (add_net "Net-(U2-Pad58)")
    (add_net "Net-(U2-Pad59)")
    (add_net "Net-(U2-Pad60)")
    (add_net "Net-(U2-Pad67)")
    (add_net "Net-(U2-Pad68)")
    (add_net "Net-(U2-Pad7)")
    (add_net "Net-(U2-Pad73)")
    (add_net "Net-(U2-Pad74)")
    (add_net "Net-(U2-Pad8)")
    (add_net "Net-(U2-Pad87)")
    (add_net "Net-(U2-Pad88)")
    (add_net "Net-(U2-Pad89)")
    (add_net "Net-(U2-Pad9)")
    (add_net "Net-(U2-Pad90)")
    (add_net "Net-(U2-Pad91)")
    (add_net "Net-(U2-Pad92)")
    (add_net "Net-(U2-Pad93)")
    (add_net "Net-(U2-Pad96)")
    (add_net "Net-(U2-Pad97)")
    (add_net "Net-(U3-Pad1)")
    (add_net "Net-(U3-Pad11)")
    (add_net "Net-(U3-Pad14)")
    (add_net "Net-(U3-Pad15)")
    (add_net "Net-(U3-Pad16)")
    (add_net "Net-(U3-Pad17)")
    (add_net "Net-(U3-Pad19)")
    (add_net "Net-(U3-Pad2)")
    (add_net "Net-(U3-Pad21)")
    (add_net "Net-(U3-Pad3)")
    (add_net "Net-(U3-Pad4)")
    (add_net "Net-(U3-Pad5)")
    (add_net "Net-(U3-Pad6)")
    (add_net "Net-(U3-Pad7)")
    (add_net "Net-(U4-Pad1)")
    (add_net "Net-(U4-Pad11)")
    (add_net "Net-(U4-Pad14)")
    (add_net "Net-(U4-Pad15)")
    (add_net "Net-(U4-Pad16)")
    (add_net "Net-(U4-Pad17)")
    (add_net "Net-(U4-Pad19)")
    (add_net "Net-(U4-Pad2)")
    (add_net "Net-(U4-Pad21)")
    (add_net "Net-(U4-Pad3)")
    (add_net "Net-(U4-Pad4)")
    (add_net "Net-(U4-Pad5)")
    (add_net "Net-(U4-Pad6)")
    (add_net "Net-(U4-Pad7)")
    (add_net "Net-(U5-Pad11)")
    (add_net "Net-(U5-Pad12)")
    (add_net "Net-(U5-Pad14)")
    (add_net "Net-(U5-Pad15)")
    (add_net "Net-(U5-Pad16)")
    (add_net "Net-(U5-Pad7)")
    (add_net SDMMC1_CK)
    (add_net SDMMC1_CMD)
    (add_net SDMMC1_D0)
    (add_net SDMMC1_D1)
    (add_net SDMMC1_D2)
    (add_net SDMMC1_D3)
    (add_net SPI1_CLK)
    (add_net SPI1_MISO)
    (add_net SPI1_MOSI)
    (add_net SPI2_CLK)
    (add_net SPI2_MISO)
    (add_net SPI2_MOSI)
    (add_net SPI3_CLK)
    (add_net SPI3_MISO)
    (add_net SPI3_MOSI)
    (add_net SWCLK)
    (add_net SWDIO)
    (add_net USART1_RX)
    (add_net USART1_TX)
    (add_net USART2_RX)
    (add_net USART2_TX)
    (add_net USART3_RX)
    (add_net USART3_TX)
    (add_net VCAP1)
    (add_net VCAP2)
    (add_net VCC)
  )

  (module Capacitor_SMD:C_0603_1608Metric (layer F.Cu) (tedit 5B301BBE) (tstamp 5D59E435)
    (at 110.5625 74.55 180)
    (descr "Capacitor SMD 0603 (1608 Metric), square (rectangular) end terminal, IPC_7351 nominal, (Body size source: http://www.tortai-tech.com/upload/download/2011102023233369053.pdf), generated with kicad-footprint-generator")
    (tags capacitor)
    (path /5D403471)
    (attr smd)
    (fp_text reference C6 (at 0 -1.43) (layer F.SilkS)
      (effects (font (size 1 1) (thickness 0.15)))
    )
    (fp_text value 2.2uF (at 0 1.43) (layer F.Fab)
      (effects (font (size 1 1) (thickness 0.15)))
    )
    (fp_text user %R (at 0 0) (layer F.Fab)
      (effects (font (size 0.4 0.4) (thickness 0.06)))
    )
    (fp_line (start 1.48 0.73) (end -1.48 0.73) (layer F.CrtYd) (width 0.05))
    (fp_line (start 1.48 -0.73) (end 1.48 0.73) (layer F.CrtYd) (width 0.05))
    (fp_line (start -1.48 -0.73) (end 1.48 -0.73) (layer F.CrtYd) (width 0.05))
    (fp_line (start -1.48 0.73) (end -1.48 -0.73) (layer F.CrtYd) (width 0.05))
    (fp_line (start -0.162779 0.51) (end 0.162779 0.51) (layer F.SilkS) (width 0.12))
    (fp_line (start -0.162779 -0.51) (end 0.162779 -0.51) (layer F.SilkS) (width 0.12))
    (fp_line (start 0.8 0.4) (end -0.8 0.4) (layer F.Fab) (width 0.1))
    (fp_line (start 0.8 -0.4) (end 0.8 0.4) (layer F.Fab) (width 0.1))
    (fp_line (start -0.8 -0.4) (end 0.8 -0.4) (layer F.Fab) (width 0.1))
    (fp_line (start -0.8 0.4) (end -0.8 -0.4) (layer F.Fab) (width 0.1))
    (pad 2 smd roundrect (at 0.7875 0 180) (size 0.875 0.95) (layers F.Cu F.Paste F.Mask) (roundrect_rratio 0.25)
      (net 6 VCAP2))
    (pad 1 smd roundrect (at -0.7875 0 180) (size 0.875 0.95) (layers F.Cu F.Paste F.Mask) (roundrect_rratio 0.25)
      (net 2 GND))
    (model ${KISYS3DMOD}/Capacitor_SMD.3dshapes/C_0603_1608Metric.wrl
      (at (xyz 0 0 0))
      (scale (xyz 1 1 1))
      (rotate (xyz 0 0 0))
    )
  )

  (module RF_Module:HOPERF_RFM9XW_SMD (layer B.Cu) (tedit 5C227243) (tstamp 5D59E7AE)
    (at 94.05 78.1)
    (descr "Low Power Long Range Transceiver Module SMD-16 (https://www.hoperf.com/data/upload/portal/20181127/5bfcbea20e9ef.pdf)")
    (tags "LoRa Low Power Long Range Transceiver Module")
    (path /5CEFFD3F)
    (attr smd)
    (fp_text reference U5 (at 0 9.2) (layer B.SilkS)
      (effects (font (size 1 1) (thickness 0.15)) (justify mirror))
    )
    (fp_text value RFM95W-868S2 (at 0 -9.5) (layer B.Fab)
      (effects (font (size 1 1) (thickness 0.15)) (justify mirror))
    )
    (fp_line (start -7 8) (end 8 8) (layer B.Fab) (width 0.1))
    (fp_line (start 8 -8) (end 8 8) (layer B.Fab) (width 0.1))
    (fp_line (start -8 -8) (end 8 -8) (layer B.Fab) (width 0.1))
    (fp_line (start -8 -8) (end -8 7) (layer B.Fab) (width 0.1))
    (fp_text user %R (at 0 0) (layer B.Fab)
      (effects (font (size 1 1) (thickness 0.15)) (justify mirror))
    )
    (fp_line (start -9.25 8.25) (end 9.25 8.25) (layer B.CrtYd) (width 0.05))
    (fp_line (start 9.25 8.25) (end 9.25 -8.25) (layer B.CrtYd) (width 0.05))
    (fp_line (start -9.25 -8.25) (end 9.25 -8.25) (layer B.CrtYd) (width 0.05))
    (fp_line (start -9.25 -8.25) (end -9.25 8.25) (layer B.CrtYd) (width 0.05))
    (fp_line (start -8.1 8.1) (end 8.1 8.1) (layer B.SilkS) (width 0.12))
    (fp_line (start 8.1 8.1) (end 8.1 7.7) (layer B.SilkS) (width 0.12))
    (fp_line (start -8.1 -7.7) (end -8.1 -8.1) (layer B.SilkS) (width 0.12))
    (fp_line (start -8.1 -8.1) (end 8.1 -8.1) (layer B.SilkS) (width 0.12))
    (fp_line (start 8.1 -8.1) (end 8.1 -7.7) (layer B.SilkS) (width 0.12))
    (fp_line (start -8.1 8.1) (end -8.1 7.75) (layer B.SilkS) (width 0.12))
    (fp_line (start -8.1 7.75) (end -9 7.75) (layer B.SilkS) (width 0.12))
    (fp_line (start -7 8) (end -8 7) (layer B.Fab) (width 0.1))
    (pad 1 smd rect (at -8 7) (size 2 1) (layers B.Cu B.Paste B.Mask)
      (net 2 GND))
    (pad 2 smd rect (at -8 5) (size 2 1) (layers B.Cu B.Paste B.Mask)
      (net 107 SPI3_MISO))
    (pad 3 smd rect (at -8 3) (size 2 1) (layers B.Cu B.Paste B.Mask)
      (net 74 SPI3_MOSI))
    (pad 4 smd rect (at -8 1) (size 2 1) (layers B.Cu B.Paste B.Mask)
      (net 106 SPI3_CLK))
    (pad 5 smd rect (at -8 -1) (size 2 1) (layers B.Cu B.Paste B.Mask)
      (net 110 CS_LORA))
    (pad 6 smd rect (at -8 -3) (size 2 1) (layers B.Cu B.Paste B.Mask)
      (net 40 "Net-(R5-Pad1)"))
    (pad 7 smd rect (at -8 -5) (size 2 1) (layers B.Cu B.Paste B.Mask)
      (net 142 "Net-(U5-Pad7)"))
    (pad 8 smd rect (at -8 -7) (size 2 1) (layers B.Cu B.Paste B.Mask)
      (net 2 GND))
    (pad 9 smd rect (at 8 -7) (size 2 1) (layers B.Cu B.Paste B.Mask)
      (net 13 "Net-(J3-Pad1)"))
    (pad 10 smd rect (at 8 -5) (size 2 1) (layers B.Cu B.Paste B.Mask)
      (net 2 GND))
    (pad 11 smd rect (at 8 -3) (size 2 1) (layers B.Cu B.Paste B.Mask)
      (net 143 "Net-(U5-Pad11)"))
    (pad 12 smd rect (at 8 -1) (size 2 1) (layers B.Cu B.Paste B.Mask)
      (net 144 "Net-(U5-Pad12)"))
    (pad 13 smd rect (at 8 1) (size 2 1) (layers B.Cu B.Paste B.Mask)
      (net 3 +1V8))
    (pad 14 smd rect (at 8 3) (size 2 1) (layers B.Cu B.Paste B.Mask)
      (net 145 "Net-(U5-Pad14)"))
    (pad 15 smd rect (at 8 5) (size 2 1) (layers B.Cu B.Paste B.Mask)
      (net 146 "Net-(U5-Pad15)"))
    (pad 16 smd rect (at 8 7) (size 2 1) (layers B.Cu B.Paste B.Mask)
      (net 147 "Net-(U5-Pad16)"))
    (model ${KISYS3DMOD}/RF_Module.3dshapes/HOPERF_RFM9XW_SMD.wrl
      (at (xyz 0 0 0))
      (scale (xyz 1 1 1))
      (rotate (xyz 0 0 0))
    )
  )

  (module Connector_Coaxial:U.FL_Molex_MCRF_73412-0110_Vertical (layer B.Cu) (tedit 5A1B5B59) (tstamp 5D59E548)
    (at 107.6 72.6)
    (descr "Molex Microcoaxial RF Connectors (MCRF), mates Hirose U.FL, (http://www.molex.com/pdm_docs/sd/734120110_sd.pdf)")
    (tags "mcrf hirose ufl u.fl microcoaxial")
    (path /5CF2D580)
    (attr smd)
    (fp_text reference J3 (at 0 -3.5) (layer B.SilkS)
      (effects (font (size 1 1) (thickness 0.15)) (justify mirror))
    )
    (fp_text value Conn_Coaxial (at 0 3.302) (layer B.Fab)
      (effects (font (size 1 1) (thickness 0.15)) (justify mirror))
    )
    (fp_line (start 0 -1) (end 0.3 -1.3) (layer B.Fab) (width 0.1))
    (fp_line (start -0.3 -1.3) (end 0 -1) (layer B.Fab) (width 0.1))
    (fp_line (start 0.7 -1.5) (end 0.7 -2) (layer B.SilkS) (width 0.12))
    (fp_line (start -0.7 -1.5) (end -0.7 -2) (layer B.SilkS) (width 0.12))
    (fp_text user %R (at 0 -3.5) (layer B.Fab)
      (effects (font (size 1 1) (thickness 0.15)) (justify mirror))
    )
    (fp_circle (center 0 0) (end 0 -0.05) (layer B.Fab) (width 0.1))
    (fp_circle (center 0 0) (end 0 -0.125) (layer B.Fab) (width 0.1))
    (fp_line (start -0.7 -1.5) (end -1.3 -1.5) (layer B.SilkS) (width 0.12))
    (fp_line (start -1.3 -1.5) (end -1.5 -1.3) (layer B.SilkS) (width 0.12))
    (fp_line (start 1.5 -1.3) (end 1.5 -1.5) (layer B.SilkS) (width 0.12))
    (fp_line (start 1.5 -1.5) (end 0.7 -1.5) (layer B.SilkS) (width 0.12))
    (fp_line (start 0.7 1.5) (end 1.5 1.5) (layer B.SilkS) (width 0.12))
    (fp_line (start 1.5 1.5) (end 1.5 1.3) (layer B.SilkS) (width 0.12))
    (fp_line (start -1.5 1.3) (end -1.5 1.5) (layer B.SilkS) (width 0.12))
    (fp_line (start -1.5 1.5) (end -0.7 1.5) (layer B.SilkS) (width 0.12))
    (fp_circle (center 0 0) (end 0.9 0) (layer B.Fab) (width 0.1))
    (fp_line (start -1.3 1.3) (end 1.3 1.3) (layer B.Fab) (width 0.1))
    (fp_line (start -1.3 1.3) (end -1.3 -1) (layer B.Fab) (width 0.1))
    (fp_line (start -1.3 -1) (end -1 -1.3) (layer B.Fab) (width 0.1))
    (fp_line (start 1.3 1.3) (end 1.3 -1.3) (layer B.Fab) (width 0.1))
    (fp_line (start -2.5 2.5) (end -2.5 -2.5) (layer B.CrtYd) (width 0.05))
    (fp_line (start -2.5 -2.5) (end 2.5 -2.5) (layer B.CrtYd) (width 0.05))
    (fp_line (start 2.5 -2.5) (end 2.5 2.5) (layer B.CrtYd) (width 0.05))
    (fp_line (start 2.5 2.5) (end -2.5 2.5) (layer B.CrtYd) (width 0.05))
    (fp_line (start -1 -1.3) (end 1.3 -1.3) (layer B.Fab) (width 0.1))
    (fp_circle (center 0 0) (end 0 -0.2) (layer B.Fab) (width 0.1))
    (pad 2 smd rect (at -1.475 0) (size 1.05 2.2) (layers B.Cu B.Paste B.Mask)
      (net 2 GND))
    (pad 2 smd rect (at 1.475 0) (size 1.05 2.2) (layers B.Cu B.Paste B.Mask)
      (net 2 GND))
    (pad 2 smd rect (at 0 1.5) (size 1 1) (layers B.Cu B.Paste B.Mask)
      (net 2 GND))
    (pad 1 smd rect (at 0 -1.5) (size 1 1) (layers B.Cu B.Paste B.Mask)
      (net 13 "Net-(J3-Pad1)"))
    (model ${KISYS3DMOD}/Connector_Coaxial.3dshapes/U.FL_Molex_MCRF_73412-0110_Vertical.wrl
      (at (xyz 0 0 0))
      (scale (xyz 1 1 1))
      (rotate (xyz 0 0 0))
    )
  )

  (module Connector_Card:microSD_HC_Hirose_DM3D-SF (layer B.Cu) (tedit 5B82D16A) (tstamp 5D59E59B)
    (at 100.4 98.25 180)
    (descr "Micro SD, SMD, right-angle, push-pull (https://media.digikey.com/PDF/Data%20Sheets/Hirose%20PDFs/DM3D-SF.pdf)")
    (tags "Micro SD")
    (path /5D54F3EE)
    (attr smd)
    (fp_text reference J4 (at -0.025 7.625) (layer B.SilkS)
      (effects (font (size 1 1) (thickness 0.15)) (justify mirror))
    )
    (fp_text value Micro_SD_Card_Det (at -0.025 -6.975) (layer B.Fab)
      (effects (font (size 1 1) (thickness 0.15)) (justify mirror))
    )
    (fp_text user KEEPOUT (at -0.275 0.525) (layer Cmts.User)
      (effects (font (size 1 1) (thickness 0.1)))
    )
    (fp_text user %R (at -0.025 -1.475) (layer B.Fab)
      (effects (font (size 1 1) (thickness 0.1)) (justify mirror))
    )
    (fp_text user KEEPOUT (at -0.725 4.8) (layer Cmts.User)
      (effects (font (size 0.4 0.4) (thickness 0.06)))
    )
    (fp_line (start 6.435 2.075) (end 6.435 -4.225) (layer B.SilkS) (width 0.12))
    (fp_line (start -6.435 1.375) (end -6.435 -4.225) (layer B.SilkS) (width 0.12))
    (fp_line (start 6.435 5.785) (end 6.435 3.975) (layer B.SilkS) (width 0.12))
    (fp_line (start -6.435 5.785) (end 4.825 5.785) (layer B.SilkS) (width 0.12))
    (fp_line (start -6.435 4.625) (end -6.435 5.785) (layer B.SilkS) (width 0.12))
    (fp_line (start 5.475 -9.575) (end 5.475 -5.725) (layer B.Fab) (width 0.1))
    (fp_line (start -5.025 -10.075) (end 4.975 -10.075) (layer B.Fab) (width 0.1))
    (fp_line (start -5.525 -5.725) (end -5.525 -9.575) (layer B.Fab) (width 0.1))
    (fp_line (start 5.475 -5.725) (end 6.375 -5.725) (layer B.Fab) (width 0.1))
    (fp_line (start 5.225 -5.475) (end 5.225 -4.425) (layer B.Fab) (width 0.1))
    (fp_line (start -5.275 -5.475) (end -5.275 -4.425) (layer B.Fab) (width 0.1))
    (fp_line (start -6.375 -5.725) (end -5.525 -5.725) (layer B.Fab) (width 0.1))
    (fp_line (start -4.775 -3.925) (end 4.725 -3.925) (layer B.Fab) (width 0.1))
    (fp_line (start -5.525 5.725) (end -5.525 6.975) (layer B.Fab) (width 0.1))
    (fp_line (start 4.175 5.725) (end 4.175 6.975) (layer B.Fab) (width 0.1))
    (fp_line (start -5.525 6.975) (end 4.175 6.975) (layer B.Fab) (width 0.1))
    (fp_line (start -0.025 3.875) (end 0.475 5.725) (layer Dwgs.User) (width 0.1))
    (fp_line (start -0.025 5.725) (end -0.525 3.875) (layer Dwgs.User) (width 0.1))
    (fp_line (start -1.025 3.875) (end -0.525 5.725) (layer Dwgs.User) (width 0.1))
    (fp_line (start -1.025 5.725) (end -1.525 3.875) (layer Dwgs.User) (width 0.1))
    (fp_line (start -1.925 3.875) (end -1.525 5.725) (layer Dwgs.User) (width 0.1))
    (fp_line (start 0.525 3.875) (end 0.525 5.725) (layer Dwgs.User) (width 0.1))
    (fp_line (start -1.975 5.725) (end -1.975 3.875) (layer Dwgs.User) (width 0.1))
    (fp_line (start -6.375 5.725) (end 6.375 5.725) (layer B.Fab) (width 0.1))
    (fp_line (start -3.225 1.525) (end -2.725 1.525) (layer Dwgs.User) (width 0.1))
    (fp_line (start -3.925 -0.475) (end -3.225 1.525) (layer Dwgs.User) (width 0.1))
    (fp_line (start -4.225 1.525) (end -3.725 1.525) (layer Dwgs.User) (width 0.1))
    (fp_line (start -4.925 -0.475) (end -4.225 1.525) (layer Dwgs.User) (width 0.1))
    (fp_line (start -4.925 1.525) (end -4.925 -0.475) (layer Dwgs.User) (width 0.1))
    (fp_line (start -6.92 -6.28) (end -6.92 6.72) (layer B.CrtYd) (width 0.05))
    (fp_line (start 6.88 -6.28) (end -6.92 -6.28) (layer B.CrtYd) (width 0.05))
    (fp_line (start 6.88 6.72) (end 6.88 -6.28) (layer B.CrtYd) (width 0.05))
    (fp_line (start -6.92 6.72) (end 6.88 6.72) (layer B.CrtYd) (width 0.05))
    (fp_line (start -4.925 1.525) (end 3.575 1.525) (layer Dwgs.User) (width 0.1))
    (fp_line (start 0.525 3.875) (end -1.975 3.875) (layer Dwgs.User) (width 0.1))
    (fp_line (start -4.925 -0.475) (end 3.575 -0.475) (layer Dwgs.User) (width 0.1))
    (fp_line (start -6.375 -5.725) (end -6.375 5.725) (layer B.Fab) (width 0.1))
    (fp_line (start -4.425 -0.475) (end -3.725 1.525) (layer Dwgs.User) (width 0.1))
    (fp_line (start -3.425 -0.475) (end -2.725 1.525) (layer Dwgs.User) (width 0.1))
    (fp_line (start -2.925 -0.475) (end -2.225 1.525) (layer Dwgs.User) (width 0.1))
    (fp_line (start -2.425 -0.475) (end -1.725 1.525) (layer Dwgs.User) (width 0.1))
    (fp_line (start -1.925 -0.475) (end -1.225 1.525) (layer Dwgs.User) (width 0.1))
    (fp_line (start -1.425 -0.475) (end -0.725 1.525) (layer Dwgs.User) (width 0.1))
    (fp_line (start -0.925 -0.475) (end -0.225 1.525) (layer Dwgs.User) (width 0.1))
    (fp_line (start -0.425 -0.475) (end 0.275 1.525) (layer Dwgs.User) (width 0.1))
    (fp_line (start 0.075 -0.475) (end 0.775 1.525) (layer Dwgs.User) (width 0.1))
    (fp_line (start 0.575 -0.475) (end 1.275 1.525) (layer Dwgs.User) (width 0.1))
    (fp_line (start 1.075 -0.475) (end 1.775 1.525) (layer Dwgs.User) (width 0.1))
    (fp_line (start 1.575 -0.475) (end 2.275 1.525) (layer Dwgs.User) (width 0.1))
    (fp_line (start 2.075 -0.475) (end 2.775 1.525) (layer Dwgs.User) (width 0.1))
    (fp_line (start 2.575 -0.475) (end 3.275 1.525) (layer Dwgs.User) (width 0.1))
    (fp_line (start 3.075 -0.475) (end 3.575 0.975) (layer Dwgs.User) (width 0.1))
    (fp_line (start 3.575 -0.475) (end 3.575 1.525) (layer Dwgs.User) (width 0.1))
    (fp_line (start 6.375 -5.725) (end 6.375 5.725) (layer B.Fab) (width 0.1))
    (fp_line (start 0.525 5.725) (end -1.975 5.725) (layer Dwgs.User) (width 0.1))
    (fp_line (start 6.325 5.785) (end 6.435 5.785) (layer B.SilkS) (width 0.12))
    (fp_arc (start 4.975 -9.575) (end 5.475 -9.575) (angle -90) (layer B.Fab) (width 0.1))
    (fp_arc (start -5.025 -9.575) (end -5.025 -10.075) (angle -90) (layer B.Fab) (width 0.1))
    (fp_arc (start -4.775 -4.425) (end -5.275 -4.425) (angle -90) (layer B.Fab) (width 0.1))
    (fp_arc (start -5.525 -5.475) (end -5.275 -5.475) (angle -90) (layer B.Fab) (width 0.1))
    (fp_arc (start 4.725 -4.425) (end 4.725 -3.925) (angle -90) (layer B.Fab) (width 0.1))
    (fp_arc (start 5.475 -5.475) (end 5.475 -5.725) (angle -90) (layer B.Fab) (width 0.1))
    (pad 8 smd rect (at -4.525 -5.35 180) (size 0.7 1.75) (layers B.Cu B.Paste B.Mask)
      (net 14 SDMMC1_D1))
    (pad 11 smd rect (at -5.725 -5.225 180) (size 1.3 1.5) (layers B.Cu B.Paste B.Mask)
      (net 2 GND))
    (pad 11 smd rect (at -5.975 2.375 180) (size 0.8 1.5) (layers B.Cu B.Paste B.Mask)
      (net 2 GND))
    (pad 9 smd rect (at -5.65 3.875 180) (size 1.45 1) (layers B.Cu B.Paste B.Mask)
      (net 15 "Net-(J4-Pad9)"))
    (pad 11 smd rect (at 5.975 3.025 180) (size 0.8 1.4) (layers B.Cu B.Paste B.Mask)
      (net 2 GND))
    (pad 7 smd rect (at -3.425 -5.35 180) (size 0.7 1.75) (layers B.Cu B.Paste B.Mask)
      (net 16 SDMMC1_D0))
    (pad 6 smd rect (at -2.325 -5.35 180) (size 0.7 1.75) (layers B.Cu B.Paste B.Mask)
      (net 2 GND))
    (pad 5 smd rect (at -1.225 -5.35 180) (size 0.7 1.75) (layers B.Cu B.Paste B.Mask)
      (net 17 SDMMC1_CK))
    (pad 4 smd rect (at -0.125 -5.35 180) (size 0.7 1.75) (layers B.Cu B.Paste B.Mask)
      (net 3 +1V8))
    (pad 3 smd rect (at 0.975 -5.35 180) (size 0.7 1.75) (layers B.Cu B.Paste B.Mask)
      (net 18 SDMMC1_CMD))
    (pad 2 smd rect (at 2.075 -5.35 180) (size 0.7 1.75) (layers B.Cu B.Paste B.Mask)
      (net 19 SDMMC1_D3))
    (pad 1 smd rect (at 3.175 -5.35 180) (size 0.7 1.75) (layers B.Cu B.Paste B.Mask)
      (net 20 SDMMC1_D2))
    (pad 11 smd rect (at 5.625 -5.225 180) (size 1.5 1.5) (layers B.Cu B.Paste B.Mask)
      (net 2 GND))
    (pad 10 smd rect (at 5.575 5.45 180) (size 1 1.55) (layers B.Cu B.Paste B.Mask)
      (net 21 "Net-(J4-Pad10)"))
    (model ${KISYS3DMOD}/Connector_Card.3dshapes/microSD_HC_Hirose_DM3D-SF.wrl
      (at (xyz 0 0 0))
      (scale (xyz 1 1 1))
      (rotate (xyz 0 0 0))
    )
  )

  (module Capacitor_SMD:C_0603_1608Metric (layer B.Cu) (tedit 5B301BBE) (tstamp 5D61B314)
    (at 84.9 98.45 90)
    (descr "Capacitor SMD 0603 (1608 Metric), square (rectangular) end terminal, IPC_7351 nominal, (Body size source: http://www.tortai-tech.com/upload/download/2011102023233369053.pdf), generated with kicad-footprint-generator")
    (tags capacitor)
    (path /5D3F93BD)
    (attr smd)
    (fp_text reference C10 (at 3.15 0 270) (layer B.SilkS)
      (effects (font (size 1 1) (thickness 0.15)) (justify mirror))
    )
    (fp_text value 100nF (at 0 -1.43 270) (layer B.Fab)
      (effects (font (size 1 1) (thickness 0.15)) (justify mirror))
    )
    (fp_text user %R (at 0 0 270) (layer B.Fab)
      (effects (font (size 0.4 0.4) (thickness 0.06)) (justify mirror))
    )
    (fp_line (start 1.48 -0.73) (end -1.48 -0.73) (layer B.CrtYd) (width 0.05))
    (fp_line (start 1.48 0.73) (end 1.48 -0.73) (layer B.CrtYd) (width 0.05))
    (fp_line (start -1.48 0.73) (end 1.48 0.73) (layer B.CrtYd) (width 0.05))
    (fp_line (start -1.48 -0.73) (end -1.48 0.73) (layer B.CrtYd) (width 0.05))
    (fp_line (start -0.162779 -0.51) (end 0.162779 -0.51) (layer B.SilkS) (width 0.12))
    (fp_line (start -0.162779 0.51) (end 0.162779 0.51) (layer B.SilkS) (width 0.12))
    (fp_line (start 0.8 -0.4) (end -0.8 -0.4) (layer B.Fab) (width 0.1))
    (fp_line (start 0.8 0.4) (end 0.8 -0.4) (layer B.Fab) (width 0.1))
    (fp_line (start -0.8 0.4) (end 0.8 0.4) (layer B.Fab) (width 0.1))
    (fp_line (start -0.8 -0.4) (end -0.8 0.4) (layer B.Fab) (width 0.1))
    (pad 2 smd roundrect (at 0.7875 0 90) (size 0.875 0.95) (layers B.Cu B.Paste B.Mask) (roundrect_rratio 0.25)
      (net 2 GND))
    (pad 1 smd roundrect (at -0.7875 0 90) (size 0.875 0.95) (layers B.Cu B.Paste B.Mask) (roundrect_rratio 0.25)
      (net 3 +1V8))
    (model ${KISYS3DMOD}/Capacitor_SMD.3dshapes/C_0603_1608Metric.wrl
      (at (xyz 0 0 0))
      (scale (xyz 1 1 1))
      (rotate (xyz 0 0 0))
    )
  )

  (module Capacitor_SMD:C_0603_1608Metric (layer B.Cu) (tedit 5B301BBE) (tstamp 5D61B344)
    (at 86.7 98.45 90)
    (descr "Capacitor SMD 0603 (1608 Metric), square (rectangular) end terminal, IPC_7351 nominal, (Body size source: http://www.tortai-tech.com/upload/download/2011102023233369053.pdf), generated with kicad-footprint-generator")
    (tags capacitor)
    (path /5D3CB769)
    (attr smd)
    (fp_text reference C9 (at 2.7 0 90) (layer B.SilkS)
      (effects (font (size 1 1) (thickness 0.15)) (justify mirror))
    )
    (fp_text value 100nF (at 0 -1.43 270) (layer B.Fab)
      (effects (font (size 1 1) (thickness 0.15)) (justify mirror))
    )
    (fp_line (start -0.8 -0.4) (end -0.8 0.4) (layer B.Fab) (width 0.1))
    (fp_line (start -0.8 0.4) (end 0.8 0.4) (layer B.Fab) (width 0.1))
    (fp_line (start 0.8 0.4) (end 0.8 -0.4) (layer B.Fab) (width 0.1))
    (fp_line (start 0.8 -0.4) (end -0.8 -0.4) (layer B.Fab) (width 0.1))
    (fp_line (start -0.162779 0.51) (end 0.162779 0.51) (layer B.SilkS) (width 0.12))
    (fp_line (start -0.162779 -0.51) (end 0.162779 -0.51) (layer B.SilkS) (width 0.12))
    (fp_line (start -1.48 -0.73) (end -1.48 0.73) (layer B.CrtYd) (width 0.05))
    (fp_line (start -1.48 0.73) (end 1.48 0.73) (layer B.CrtYd) (width 0.05))
    (fp_line (start 1.48 0.73) (end 1.48 -0.73) (layer B.CrtYd) (width 0.05))
    (fp_line (start 1.48 -0.73) (end -1.48 -0.73) (layer B.CrtYd) (width 0.05))
    (fp_text user %R (at 0 0 270) (layer B.Fab)
      (effects (font (size 0.4 0.4) (thickness 0.06)) (justify mirror))
    )
    (pad 1 smd roundrect (at -0.7875 0 90) (size 0.875 0.95) (layers B.Cu B.Paste B.Mask) (roundrect_rratio 0.25)
      (net 3 +1V8))
    (pad 2 smd roundrect (at 0.7875 0 90) (size 0.875 0.95) (layers B.Cu B.Paste B.Mask) (roundrect_rratio 0.25)
      (net 2 GND))
    (model ${KISYS3DMOD}/Capacitor_SMD.3dshapes/C_0603_1608Metric.wrl
      (at (xyz 0 0 0))
      (scale (xyz 1 1 1))
      (rotate (xyz 0 0 0))
    )
  )

  (module Capacitor_SMD:C_0603_1608Metric (layer F.Cu) (tedit 5B301BBE) (tstamp 5D59E3E0)
    (at 91.25 98.1 90)
    (descr "Capacitor SMD 0603 (1608 Metric), square (rectangular) end terminal, IPC_7351 nominal, (Body size source: http://www.tortai-tech.com/upload/download/2011102023233369053.pdf), generated with kicad-footprint-generator")
    (tags capacitor)
    (path /5D3C76DB)
    (attr smd)
    (fp_text reference C1 (at 2.8 -0.05 90) (layer F.SilkS)
      (effects (font (size 1 1) (thickness 0.15)))
    )
    (fp_text value 10uF (at 0 1.43 90) (layer F.Fab)
      (effects (font (size 1 1) (thickness 0.15)))
    )
    (fp_line (start -0.8 0.4) (end -0.8 -0.4) (layer F.Fab) (width 0.1))
    (fp_line (start -0.8 -0.4) (end 0.8 -0.4) (layer F.Fab) (width 0.1))
    (fp_line (start 0.8 -0.4) (end 0.8 0.4) (layer F.Fab) (width 0.1))
    (fp_line (start 0.8 0.4) (end -0.8 0.4) (layer F.Fab) (width 0.1))
    (fp_line (start -0.162779 -0.51) (end 0.162779 -0.51) (layer F.SilkS) (width 0.12))
    (fp_line (start -0.162779 0.51) (end 0.162779 0.51) (layer F.SilkS) (width 0.12))
    (fp_line (start -1.48 0.73) (end -1.48 -0.73) (layer F.CrtYd) (width 0.05))
    (fp_line (start -1.48 -0.73) (end 1.48 -0.73) (layer F.CrtYd) (width 0.05))
    (fp_line (start 1.48 -0.73) (end 1.48 0.73) (layer F.CrtYd) (width 0.05))
    (fp_line (start 1.48 0.73) (end -1.48 0.73) (layer F.CrtYd) (width 0.05))
    (fp_text user %R (at 0 0 90) (layer F.Fab)
      (effects (font (size 0.4 0.4) (thickness 0.06)))
    )
    (pad 1 smd roundrect (at -0.7875 0 90) (size 0.875 0.95) (layers F.Cu F.Paste F.Mask) (roundrect_rratio 0.25)
      (net 1 VCC))
    (pad 2 smd roundrect (at 0.7875 0 90) (size 0.875 0.95) (layers F.Cu F.Paste F.Mask) (roundrect_rratio 0.25)
      (net 2 GND))
    (model ${KISYS3DMOD}/Capacitor_SMD.3dshapes/C_0603_1608Metric.wrl
      (at (xyz 0 0 0))
      (scale (xyz 1 1 1))
      (rotate (xyz 0 0 0))
    )
  )

  (module Capacitor_SMD:C_0603_1608Metric (layer F.Cu) (tedit 5B301BBE) (tstamp 5D59E3F1)
    (at 107.0375 95.6 180)
    (descr "Capacitor SMD 0603 (1608 Metric), square (rectangular) end terminal, IPC_7351 nominal, (Body size source: http://www.tortai-tech.com/upload/download/2011102023233369053.pdf), generated with kicad-footprint-generator")
    (tags capacitor)
    (path /5D066548)
    (attr smd)
    (fp_text reference C2 (at 0 1.6) (layer F.SilkS)
      (effects (font (size 1 1) (thickness 0.15)))
    )
    (fp_text value 10uF (at 0 1.43) (layer F.Fab)
      (effects (font (size 1 1) (thickness 0.15)))
    )
    (fp_text user %R (at 0 0) (layer F.Fab)
      (effects (font (size 0.4 0.4) (thickness 0.06)))
    )
    (fp_line (start 1.48 0.73) (end -1.48 0.73) (layer F.CrtYd) (width 0.05))
    (fp_line (start 1.48 -0.73) (end 1.48 0.73) (layer F.CrtYd) (width 0.05))
    (fp_line (start -1.48 -0.73) (end 1.48 -0.73) (layer F.CrtYd) (width 0.05))
    (fp_line (start -1.48 0.73) (end -1.48 -0.73) (layer F.CrtYd) (width 0.05))
    (fp_line (start -0.162779 0.51) (end 0.162779 0.51) (layer F.SilkS) (width 0.12))
    (fp_line (start -0.162779 -0.51) (end 0.162779 -0.51) (layer F.SilkS) (width 0.12))
    (fp_line (start 0.8 0.4) (end -0.8 0.4) (layer F.Fab) (width 0.1))
    (fp_line (start 0.8 -0.4) (end 0.8 0.4) (layer F.Fab) (width 0.1))
    (fp_line (start -0.8 -0.4) (end 0.8 -0.4) (layer F.Fab) (width 0.1))
    (fp_line (start -0.8 0.4) (end -0.8 -0.4) (layer F.Fab) (width 0.1))
    (pad 2 smd roundrect (at 0.7875 0 180) (size 0.875 0.95) (layers F.Cu F.Paste F.Mask) (roundrect_rratio 0.25)
      (net 2 GND))
    (pad 1 smd roundrect (at -0.7875 0 180) (size 0.875 0.95) (layers F.Cu F.Paste F.Mask) (roundrect_rratio 0.25)
      (net 3 +1V8))
    (model ${KISYS3DMOD}/Capacitor_SMD.3dshapes/C_0603_1608Metric.wrl
      (at (xyz 0 0 0))
      (scale (xyz 1 1 1))
      (rotate (xyz 0 0 0))
    )
  )

  (module Capacitor_SMD:C_0603_1608Metric (layer F.Cu) (tedit 5B301BBE) (tstamp 5D59E402)
    (at 80.4 87.8 180)
    (descr "Capacitor SMD 0603 (1608 Metric), square (rectangular) end terminal, IPC_7351 nominal, (Body size source: http://www.tortai-tech.com/upload/download/2011102023233369053.pdf), generated with kicad-footprint-generator")
    (tags capacitor)
    (path /5D785DF3)
    (attr smd)
    (fp_text reference C3 (at 0 -1.43) (layer F.SilkS)
      (effects (font (size 1 1) (thickness 0.15)))
    )
    (fp_text value 3.9pF (at 0 1.43) (layer F.Fab)
      (effects (font (size 1 1) (thickness 0.15)))
    )
    (fp_line (start -0.8 0.4) (end -0.8 -0.4) (layer F.Fab) (width 0.1))
    (fp_line (start -0.8 -0.4) (end 0.8 -0.4) (layer F.Fab) (width 0.1))
    (fp_line (start 0.8 -0.4) (end 0.8 0.4) (layer F.Fab) (width 0.1))
    (fp_line (start 0.8 0.4) (end -0.8 0.4) (layer F.Fab) (width 0.1))
    (fp_line (start -0.162779 -0.51) (end 0.162779 -0.51) (layer F.SilkS) (width 0.12))
    (fp_line (start -0.162779 0.51) (end 0.162779 0.51) (layer F.SilkS) (width 0.12))
    (fp_line (start -1.48 0.73) (end -1.48 -0.73) (layer F.CrtYd) (width 0.05))
    (fp_line (start -1.48 -0.73) (end 1.48 -0.73) (layer F.CrtYd) (width 0.05))
    (fp_line (start 1.48 -0.73) (end 1.48 0.73) (layer F.CrtYd) (width 0.05))
    (fp_line (start 1.48 0.73) (end -1.48 0.73) (layer F.CrtYd) (width 0.05))
    (fp_text user %R (at 0 0) (layer F.Fab)
      (effects (font (size 0.4 0.4) (thickness 0.06)))
    )
    (pad 1 smd roundrect (at -0.7875 0 180) (size 0.875 0.95) (layers F.Cu F.Paste F.Mask) (roundrect_rratio 0.25)
      (net 4 "Net-(C3-Pad1)"))
    (pad 2 smd roundrect (at 0.7875 0 180) (size 0.875 0.95) (layers F.Cu F.Paste F.Mask) (roundrect_rratio 0.25)
      (net 2 GND))
    (model ${KISYS3DMOD}/Capacitor_SMD.3dshapes/C_0603_1608Metric.wrl
      (at (xyz 0 0 0))
      (scale (xyz 1 1 1))
      (rotate (xyz 0 0 0))
    )
  )

  (module Capacitor_SMD:C_0603_1608Metric (layer F.Cu) (tedit 5B301BBE) (tstamp 5D59E413)
    (at 82.0375 76.2)
    (descr "Capacitor SMD 0603 (1608 Metric), square (rectangular) end terminal, IPC_7351 nominal, (Body size source: http://www.tortai-tech.com/upload/download/2011102023233369053.pdf), generated with kicad-footprint-generator")
    (tags capacitor)
    (path /5D7894DA)
    (attr smd)
    (fp_text reference C4 (at 0 -1.43) (layer F.SilkS)
      (effects (font (size 1 1) (thickness 0.15)))
    )
    (fp_text value 3.9pF (at 0 1.43) (layer F.Fab)
      (effects (font (size 1 1) (thickness 0.15)))
    )
    (fp_text user %R (at 0 0) (layer F.Fab)
      (effects (font (size 0.4 0.4) (thickness 0.06)))
    )
    (fp_line (start 1.48 0.73) (end -1.48 0.73) (layer F.CrtYd) (width 0.05))
    (fp_line (start 1.48 -0.73) (end 1.48 0.73) (layer F.CrtYd) (width 0.05))
    (fp_line (start -1.48 -0.73) (end 1.48 -0.73) (layer F.CrtYd) (width 0.05))
    (fp_line (start -1.48 0.73) (end -1.48 -0.73) (layer F.CrtYd) (width 0.05))
    (fp_line (start -0.162779 0.51) (end 0.162779 0.51) (layer F.SilkS) (width 0.12))
    (fp_line (start -0.162779 -0.51) (end 0.162779 -0.51) (layer F.SilkS) (width 0.12))
    (fp_line (start 0.8 0.4) (end -0.8 0.4) (layer F.Fab) (width 0.1))
    (fp_line (start 0.8 -0.4) (end 0.8 0.4) (layer F.Fab) (width 0.1))
    (fp_line (start -0.8 -0.4) (end 0.8 -0.4) (layer F.Fab) (width 0.1))
    (fp_line (start -0.8 0.4) (end -0.8 -0.4) (layer F.Fab) (width 0.1))
    (pad 2 smd roundrect (at 0.7875 0) (size 0.875 0.95) (layers F.Cu F.Paste F.Mask) (roundrect_rratio 0.25)
      (net 2 GND))
    (pad 1 smd roundrect (at -0.7875 0) (size 0.875 0.95) (layers F.Cu F.Paste F.Mask) (roundrect_rratio 0.25)
      (net 5 "Net-(C4-Pad1)"))
    (model ${KISYS3DMOD}/Capacitor_SMD.3dshapes/C_0603_1608Metric.wrl
      (at (xyz 0 0 0))
      (scale (xyz 1 1 1))
      (rotate (xyz 0 0 0))
    )
  )

  (module Capacitor_SMD:C_0603_1608Metric (layer F.Cu) (tedit 5B301BBE) (tstamp 5D59E424)
    (at 82.65 72.4 90)
    (descr "Capacitor SMD 0603 (1608 Metric), square (rectangular) end terminal, IPC_7351 nominal, (Body size source: http://www.tortai-tech.com/upload/download/2011102023233369053.pdf), generated with kicad-footprint-generator")
    (tags capacitor)
